1348.8 18614.2 0
6676.2 18614.2 0
6676.2 936.8 0
4948.8 936.8 0
4948.8 2361.8 0
3076.2 2361.8 0
3076.2 536.8 0
1348.8 536.8 0

13950.9 6319.13 0
14073.4 4601.33 0
13938.3 3217.29 0
13542.4 2166.56 0
12881.7 1453.71 0
11963.6 1088.31 0
11644.9 1038.11 0
11288.3 1010.82 0
10890.3 1005.79 0
10450.9 1022.88 0
9931.49 1065.17 0
9858.72 1475.33 0
9781.01 1849.9 0
9691.34 2228.53 0
9589.69 2611.21 0
9449.57 3088.1 0
9921.06 2951.81 0
10288.4 2879.72 0
10643.3 2845.22 0
10985.7 2848.17 0
11311.3 2887.9 0
11776.7 3093.26 0
12097.9 3536.25 0
12279 4231.48 0
12313.7 5180.5 0
12199.3 6380.55 0
12037.3 7194.3 0
11769.9 8046.4 0
11396.6 8937.34 0
10917.3 9867 0
10320.1 10854.8 0
10652.3 12169.4 0
10993.3 13551.1 0
11348.2 15020.9 0
11717.2 16578.7 0
12085.5 18161.8 0
9526.2 18161.8 0
9526.2 -3589.2 0
7798.8 -3589.2 0
7798.8 19939.2 0
13976.2 19939.2 0
13976.2 18206.5 0
13532.6 16479.2 0
13126.5 14916 0
12756.5 13510.9 0
12422.4 12263.6 0
12130 11194.9 0
12689.5 10208.6 0
13158.2 9215.94 0
13524.8 8236.77 0
13789.1 7271.08 0

14973.8 14389.2 0
20251.2 14389.2 0
20251.2 3861.8 0
16651.2 3861.8 0
16651.2 1886.8 0
14973.8 1886.8 0

14723.8 19664.2 0
25251.2 19664.2 0
25251.2 17886.8 0
23351.2 17886.8 0
23351.2 -115.49 0
23249.3 -1160.67 0
22940.7 -1983.64 0
22422.9 -2578.3 0
21699.3 -2938.59 0
20778.8 -3064.16 0
20231.4 -3071.2 0
19658.8 -3072.2 0
19058.3 -3067.2 0
18429.9 -3056.19 0
17729.4 -3038.03 0
17679.2 -2613.64 0
17624.4 -2231.9 0
17559.6 -1848.13 0
17484.9 -1462.34 0
17384.5 -1003 0
18018.8 -1084.12 0
18586.3 -1139.97 0
19159.8 -1179.87 0
19739.4 -1203.81 0
20322 -1211.75 0
20777.8 -1152.31 0
21124.7 -977.755 0
21372.1 -687.44 0
21522.6 -274.983 0
21573.8 265.418 0
21573.8 17886.8 0
14723.8 17886.8 0

4948.8 16836.8 0
3076.2 16836.8 0
3076.2 4139.2 0
4948.8 4139.2 0

18573.8 12661.8 0
16651.2 12661.8 0
16651.2 5589.2 0
18573.8 5589.2 0







