0.737641
0.741464
0.683227
0.63348
0.611346
0.566845
0.416913
0.541951
0.540738
0.337901
0.280332
0.349646
0.780547
0.794253
0.518076
0.0584104
0.738154
0.64797
0.672964
0.636153
0.537104
0.410314
0.464076
0.540133
0.438198
0.362498
0.245614
0.235822
0.388787
0.365013
0.266878
0.518076
0.568973
0.7291
0.624838
0.544075
0.541346
0.562288
0.529236
0.473137
0.378833
0.410861
0.404049
0.272325
0.286476
0.315552
0.365013
0.794253
0.632887
0.649439
0.641778
0.489069
0.572312
0.530748
0.598983
0.513561
0.358501
0.492037
0.356518
0.220908
0.317761
0.286476
0.388787
0.780547
0.653836
0.565023
0.486699
0.510559
0.525007
0.48818
0.479016
0.488476
0.329052
0.370852
0.395969
0.237969
0.220908
0.272325
0.235822
0.349646
0.680673
0.574134
0.498589
0.53347
0.446176
0.608637
0.531354
0.624241
0.476367
0.317319
0.399727
0.395969
0.356518
0.404049
0.245614
0.280332
0.713685
0.605625
0.60653
0.596869
0.538921
0.519883
0.439332
0.57626
0.485514
0.471379
0.317319
0.370852
0.492037
0.410861
0.362498
0.337901
0.706623
0.629911
0.652372
0.574743
0.514165
0.517773
0.48049
0.561682
0.437913
0.485514
0.476367
0.329052
0.358501
0.378833
0.438198
0.540738
0.756367
0.660544
0.611046
0.572312
0.599891
0.532866
0.511161
0.567454
0.561682
0.57626
0.624241
0.488476
0.513561
0.473137
0.540133
0.541951
0.760709
0.662576
0.654714
0.556214
0.604117
0.256283
0.536194
0.511161
0.48049
0.439332
0.531354
0.479016
0.598983
0.529236
0.464076
0.416913
0.74999
0.710708
0.586878
0.672102
0.555911
0.563807
0.256283
0.532866
0.517773
0.519883
0.608637
0.48818
0.530748
0.562288
0.410314
0.566845
0.780768
0.726742
0.700852
0.684926
0.634372
0.555911
0.604117
0.599891
0.514165
0.538921
0.446176
0.525007
0.572312
0.541346
0.537104
0.611346
0.79301
0.795899
0.774258
0.718789
0.684926
0.672102
0.556214
0.572312
0.574743
0.596869
0.53347
0.510559
0.489069
0.544075
0.636153
0.63348
0.834342
0.787305
0.809601
0.774258
0.700852
0.586878
0.654714
0.611046
0.652372
0.60653
0.498589
0.486699
0.641778
0.624838
0.672964
0.683227
0.857575
0.855636
0.787305
0.795899
0.726742
0.710708
0.662576
0.660544
0.629911
0.605625
0.574134
0.565023
0.649439
0.7291
0.64797
0.741464
0.861574
0.857575
0.834342
0.79301
0.780768
0.74999
0.760709
0.756367
0.706623
0.713685
0.680673
0.653836
0.632887
0.568973
0.738154
0.737641
