-0.0293929
-0.0299303
-0.0306557
-0.0316987
-0.0331105
-0.0348636
-0.0368521
-0.0388928
-0.0407256
-0.0420158
-0.0423576
-0.0412823
-0.038277
-0.0328383
-0.0246561
-0.0144577
-0.0293453
-0.0298711
-0.0305648
-0.0315604
-0.032915
-0.034609
-0.0365474
-0.0385622
-0.0404159
-0.0418077
-0.042386
-0.0417718
-0.0396106
-0.0356935
-0.0302549
-0.0246561
-0.029266
-0.0297771
-0.0304225
-0.0313433
-0.0326056
-0.0342021
-0.0360539
-0.0380157
-0.0398815
-0.0413962
-0.0422748
-0.0422376
-0.0410751
-0.0387689
-0.0356935
-0.0328383
-0.029153
-0.0296536
-0.030241
-0.0310659
-0.0322059
-0.0336687
-0.0353957
-0.0372675
-0.0391135
-0.0407256
-0.0418807
-0.0423782
-0.0420961
-0.0410751
-0.0396106
-0.038277
-0.0290002
-0.0295045
-0.0300343
-0.030751
-0.0317462
-0.0330445
-0.034609
-0.0363478
-0.0381244
-0.0397728
-0.0411196
-0.0420158
-0.0423782
-0.0422376
-0.0417718
-0.0412823
-0.0287952
-0.0293296
-0.0298141
-0.0304225
-0.0312609
-0.0323725
-0.0337423
-0.0353049
-0.036955
-0.0385622
-0.0399897
-0.0411196
-0.0418807
-0.0422748
-0.042386
-0.0423576
-0.0285143
-0.02912
-0.0295862
-0.0301002
-0.0307838
-0.0316987
-0.0328515
-0.0342021
-0.035673
-0.0371627
-0.0385622
-0.0397728
-0.0407256
-0.0413962
-0.0418077
-0.0420158
-0.0281194
-0.0288535
-0.0293453
-0.0297955
-0.0303423
-0.0310659
-0.0319942
-0.0331105
-0.0343623
-0.035673
-0.036955
-0.0381244
-0.0391135
-0.0398815
-0.0404159
-0.0407256
-0.0275523
-0.0284906
-0.0290695
-0.0295045
-0.0299505
-0.0305064
-0.0312207
-0.0320986
-0.0331105
-0.0342021
-0.0353049
-0.0363478
-0.0372675
-0.0380157
-0.0385622
-0.0388928
-0.026731
-0.0279669
-0.0287138
-0.0292019
-0.0296029
-0.0300343
-0.0305648
-0.0312207
-0.0319942
-0.0328515
-0.0337423
-0.034609
-0.0353957
-0.0360539
-0.0365474
-0.0368521
-0.0255433
-0.0271905
-0.0282054
-0.0288344
-0.029266
-0.0296365
-0.0300343
-0.0305064
-0.0310659
-0.0316987
-0.0323725
-0.0330445
-0.0336687
-0.0342021
-0.034609
-0.0348636
-0.0238433
-0.0260337
-0.0274368
-0.0283144
-0.0288727
-0.029266
-0.0296029
-0.0299505
-0.0303423
-0.0307838
-0.0312609
-0.0317462
-0.0322059
-0.0326056
-0.032915
-0.0331105
-0.0214449
-0.0243307
-0.026261
-0.0275143
-0.0283144
-0.0288344
-0.0292019
-0.0295045
-0.0297955
-0.0301002
-0.0304225
-0.030751
-0.0310659
-0.0313433
-0.0315604
-0.0316987
-0.0181199
-0.0218705
-0.024486
-0.026261
-0.0274368
-0.0282054
-0.0287138
-0.0290695
-0.0293453
-0.0295862
-0.0298141
-0.0300343
-0.030241
-0.0304225
-0.0305648
-0.0306557
-0.0135908
-0.0183944
-0.0218705
-0.0243307
-0.0260337
-0.0271905
-0.0279669
-0.0284906
-0.0288535
-0.02912
-0.0293296
-0.0295045
-0.0296536
-0.0297771
-0.0298711
-0.0299303
-0.00752944
-0.0135908
-0.0181199
-0.0214449
-0.0238433
-0.0255433
-0.026731
-0.0275523
-0.0281194
-0.0285143
-0.0287952
-0.0290002
-0.029153
-0.029266
-0.0293453
-0.0293929
