-0.0247002
-0.0245214
-0.0270963
-0.0291348
-0.0300169
-0.0317693
-0.037837
-0.0327468
-0.0327945
-0.0414968
-0.0447154
-0.0409126
-0.0225663
-0.0218034
-0.0336885
0.00339746
-0.0246763
-0.0285506
-0.0275254
-0.0290275
-0.0329375
-0.0381231
-0.0358582
-0.0328183
-0.036931
-0.0402927
-0.0471711
-0.0480056
-0.0390768
-0.0401735
-0.0455976
-0.0336885
-0.0316858
-0.0250936
-0.0294805
-0.0326633
-0.0327706
-0.0319481
-0.0332475
-0.0354886
-0.0395298
-0.0380993
-0.0383973
-0.0640035
-0.0443339
-0.042665
-0.0401735
-0.0218034
-0.0291586
-0.028491
-0.028801
-0.0348449
-0.0315547
-0.0331879
-0.0305057
-0.0338674
-0.0404835
-0.0347257
-0.0405788
-0.0495076
-0.0425458
-0.0443339
-0.0390768
-0.0225663
-0.0283122
-0.0318408
-0.0349402
-0.0339866
-0.0334144
-0.0348806
-0.0352502
-0.0348687
-0.0419497
-0.0398993
-0.0387549
-0.0478148
-0.0495076
-0.0640035
-0.0480056
-0.0409126
-0.0272036
-0.0314832
-0.0344634
-0.0330806
-0.0365973
-0.0301242
-0.033164
-0.0295043
-0.0353575
-0.0425696
-0.038588
-0.0387549
-0.0405788
-0.0383973
-0.0471711
-0.0447154
-0.025785
-0.0302434
-0.0302076
-0.0305891
-0.032866
-0.033617
-0.0368834
-0.0313997
-0.0349879
-0.0355601
-0.0425696
-0.0398993
-0.0347257
-0.0380993
-0.0402927
-0.0414968
-0.0260949
-0.0292778
-0.0283718
-0.0314593
-0.0338435
-0.0337005
-0.0351906
-0.0319719
-0.036943
-0.0349879
-0.0353575
-0.0419497
-0.0404835
-0.0395298
-0.036931
-0.0327945
-0.0238061
-0.028038
-0.0300288
-0.0315547
-0.0304699
-0.0331044
-0.0339627
-0.0317454
-0.0319719
-0.0313997
-0.0295043
-0.0348687
-0.0338674
-0.0354886
-0.0328183
-0.0327468
-0.0235915
-0.0279546
-0.0282764
-0.0321865
-0.030303
-0.0463486
-0.0329733
-0.0339627
-0.0351906
-0.0368834
-0.033164
-0.0352502
-0.0305057
-0.0332475
-0.0358582
-0.037837
-0.024116
-0.0259161
-0.0309825
-0.0275612
-0.0321984
-0.0318885
-0.0463486
-0.0331044
-0.0337005
-0.033617
-0.0301242
-0.0348806
-0.0331879
-0.0319481
-0.0381231
-0.0317693
-0.0225544
-0.0252008
-0.0263453
-0.0270247
-0.029099
-0.0321984
-0.030303
-0.0304699
-0.0338435
-0.032866
-0.0365973
-0.0334144
-0.0315547
-0.0327706
-0.0329375
-0.0300169
-0.0218749
-0.021708
-0.0229001
-0.0255585
-0.0270247
-0.0275612
-0.0321865
-0.0315547
-0.0314593
-0.0305891
-0.0330806
-0.0339866
-0.0348449
-0.0326633
-0.0290275
-0.0291348
-0.0190854
-0.0221968
-0.0208735
-0.0229001
-0.0263453
-0.0309825
-0.0282764
-0.0300288
-0.0283718
-0.0302076
-0.0344634
-0.0349402
-0.028801
-0.0294805
-0.0275254
-0.0270963
-0.0163674
-0.0167251
-0.0221968
-0.021708
-0.0252008
-0.0259161
-0.0279546
-0.028038
-0.0292778
-0.0302434
-0.0314832
-0.0318408
-0.028491
-0.0250936
-0.0285506
-0.0245214
-0.0148177
-0.0163674
-0.0190854
-0.0218749
-0.0225544
-0.024116
-0.0235915
-0.0238061
-0.0260949
-0.025785
-0.0272036
-0.0283122
-0.0291586
-0.0316858
-0.0246763
-0.0247002
