0.686702
0.643956
0.601222
0.558504
0.515805
0.473131
0.430489
0.38789
0.345349
0.302891
0.260557
0.218418
0.176614
0.135457
0.0957826
0.0605783
0.690698
0.648216
0.605783
0.56341
0.521114
0.478913
0.436836
0.394922
0.353229
0.311846
0.270914
0.230675
0.191565
0.154445
0.121157
0.0957826
0.697308
0.655254
0.613308
0.571494
0.529843
0.488397
0.447214
0.406371
0.365985
0.326224
0.287348
0.249771
0.214176
0.181735
0.154445
0.135457
0.706458
0.664983
0.623691
0.582623
0.541828
0.501374
0.46135
0.421879
0.383131
0.345349
0.30889
0.27428
0.242313
0.214176
0.191565
0.176614
0.71805
0.677285
0.636792
0.596627
0.556859
0.517581
0.478913
0.441016
0.404107
0.368483
0.334554
0.302891
0.27428
0.249771
0.230675
0.218418
0.73197
0.692025
0.652448
0.613308
0.574696
0.536725
0.499541
0.463334
0.428353
0.394922
0.36347
0.334554
0.30889
0.287348
0.270914
0.260557
0.748086
0.70905
0.670478
0.632456
0.595087
0.558504
0.522871
0.488397
0.455345
0.424048
0.394922
0.368483
0.345349
0.326224
0.311846
0.302891
0.766261
0.7282
0.690698
0.653852
0.617779
0.582623
0.548559
0.515805
0.484626
0.455345
0.428353
0.404107
0.383131
0.365985
0.353229
0.345349
0.786351
0.749312
0.712921
0.677285
0.642529
0.608804
0.57629
0.545204
0.515805
0.488397
0.463334
0.441016
0.421879
0.406371
0.394922
0.38789
0.808215
0.772224
0.736966
0.702551
0.669109
0.636792
0.605783
0.57629
0.548559
0.522871
0.499541
0.478913
0.46135
0.447214
0.436836
0.430489
0.831711
0.796783
0.762661
0.729459
0.697308
0.666361
0.636792
0.608804
0.582623
0.558504
0.536725
0.517581
0.501374
0.488397
0.478913
0.473131
0.856706
0.822839
0.789844
0.757834
0.726939
0.697308
0.669109
0.642529
0.617779
0.595087
0.574696
0.556859
0.541828
0.529843
0.521114
0.515805
0.883072
0.850256
0.818367
0.787517
0.757834
0.729459
0.702551
0.677285
0.653852
0.632456
0.613308
0.596627
0.582623
0.571494
0.56341
0.558504
0.910691
0.878907
0.848096
0.818367
0.789844
0.762661
0.736966
0.712921
0.690698
0.670478
0.652448
0.636792
0.623691
0.613308
0.605783
0.601222
0.939451
0.908674
0.878907
0.850256
0.822839
0.796783
0.772224
0.749312
0.7282
0.70905
0.692025
0.677285
0.664983
0.655254
0.648216
0.643956
0.969252
0.939451
0.910691
0.883072
0.856706
0.831711
0.808215
0.786351
0.766261
0.748086
0.73197
0.71805
0.706458
0.697308
0.690698
0.686702
